50 1 781.248 1279.8 683.952 237.4 -1 -1 -1 0 
51 1 752.366 1259.19 740.857 258.603 -1 -1 -1 0 
52 1 723.038 1235.5 796.622 281.051 -1 -1 -1 0 
53 1 724.708 1211.41 825.433 295.622 -1 -1 -1 0 
54 1 747.591 1182.04 825.308 301.695 -1 -1 -1 0 
55 1 825.557 1166.35 770.389 287.777 -1 -1 -1 0 
56 1 908.206 1148.64 709.539 271.28 -1 -1 -1 0 
57 1 961.742 1128.7 674.521 264.789 -1 -1 -1 0 
58 1 1004.25 1105.93 648.704 262.322 -1 -1 -1 0 
59 1 1065.4 1095.02 598.2 249.141 -1 -1 -1 0 
60 1 1139.51 1087.3 537.829 230.377 -1 -1 -1 0 
61 1 1199.16 1076.51 502.961 220.814 -1 -1 -1 0 
62 1 1254.44 1063.72 463.165 208.612 -1 -1 -1 0 
63 1 1280.83 1046.05 448.942 207.994 -1 -1 -1 0 
64 1 1318.46 1036.98 422.491 201.085 -1 -1 -1 0 
65 1 1357.78 1032.45 390.44 190.542 -1 -1 -1 0 
66 1 1392.06 1021.87 370.397 184.946 -1 -1 -1 0 
67 1 1424.83 1014.55 346.814 177.001 -1 -1 -1 0 
68 1 1450.37 1004.25 332.131 172.38 -1 -1 -1 0 
69 1 1465.39 992.848 318.943 169.625 -1 -1 -1 0 
70 1 1483.31 983.106 312.121 166.822 -1 -1 -1 0 
71 1 1500.95 973.953 304.098 165.36 -1 -1 -1 0 
72 1 1527.1 967.713 274.132 152.1 -1 -1 -1 0 
73 1 1545.98 957.777 271.953 150.324 -1 -1 -1 0 
74 1 1571.75 949.868 257.082 144.369 -1 -1 -1 0 
75 1 1590.59 944.097 240.93 136.959 -1 -1 -1 0 
