000 50 (128,100,3) 00000000
001 50 (128,100,3) 00000000
002 50 (128,100,3) 00000000
003 50 (128,100,3) 00000000
004 50 (128,100,3) 00000000
005 50 (128,100,3) 00000000
006 50 (128,100,3) 00000000
007 50 (128,100,3) 00000000
008 50 (128,100,3) 00000000
009 50 (128,100,3) 00000000
010 50 (128,100,3) 00000000
011 50 (128,100,3) 00000000
012 50 (128,100,3) 00000000
013 50 (128,100,3) 00000000
014 50 (128,100,3) 00000000
015 50 (128,100,3) 00000000
016 50 (128,100,3) 00000000
017 50 (128,100,3) 00000000
018 50 (128,100,3) 00000000
019 50 (128,100,3) 00000000
